1.0
0.125
-0.10833333333333334
0.3333333333333333
0.4625
0.75
0.0
0.4333333333333333
0.0
0.06818181818181818
0.4
-0.8
-0.05
0.6333333333333334
0.1888888888888889
0.45
0.75
0.6333333333333334
0.2333333333333333
-0.7
0.46666666666666673
-0.5
0.6333333333333334
-0.5
0.25
0.8
0.75
0.425
0.07083333333333332
0.6333333333333334
0.75
1.0
-0.13333333333333333
0.5
0.5
0.75
0.6
0.4625
-0.12083333333333335
-0.05
0.07083333333333332
0.6333333333333334
0.2
-0.5
-0.5
0.07083333333333332
0.8
0.875
-0.625
0.3
0.0
-0.04444444444444443
0.125
0.5
0.0
0.8
0.8
-0.7
0.55
0.9
0.1888888888888889
-0.04444444444444443
0.75
0.0
0.8
0.8
-0.34375
-1.0
0.0
-0.16666666666666666
0.7999999999999999
0.7
0.9
0.75
0.4
0.0
0.09166666666666667
0.5
-1.0
0.75
0.41666666666666663
-0.3125
0.6
0.6
0.3375
0.1888888888888889
0.1888888888888889
-0.1
0.75
-0.26111111111111107
0.565625
0.1722222222222222
0.07083333333333332
0.1888888888888889
-0.45
-0.25
0.75
0.6333333333333334
0.6333333333333334
-0.5
0.6666666666666666
-0.75
0.0
0.6
0.8000000000000002
0.6
0.8
0.6160714285714286
0.8
-1.0
-0.45
0.75
0.47142857142857136
-0.625
0.5
0.575
-0.5
0.875
0.0
-1.0
-1.0
1.0
0.8
0.06818181818181818
0.2833333333333333
0.6
0.6000000000000001
0.4625
0.0
0.6
0.6
-0.3125
-0.16666666666666666
0.575
0.75
-1.0
0.07083333333333332
-0.8125
0.5
0.2333333333333333
0.25
0.1888888888888889
0.6
-0.5777777777777778
0.4375
-0.45
0.75
0.4633333333333334
0.41666666666666663
0.35200000000000004
0.6071428571428571
-0.8125
-0.8125
0.75
-0.8125
0.3285714285714286
0.0
0.4000000000000001
0.75
-0.041666666666666664
0.55
0.0
0.0
0.4333333333333333
-0.19999999999999998
-0.05
0.6
-0.5
0.4333333333333333
0.0
0.75
-0.5
0.5285714285714286
0.21142857142857144
-0.3125
0.5
0.3333333333333333
0.0
1.0
0.75
-0.8125
0.5
0.8
0.5375000000000001
-0.5
0.5
0.8
0.07083333333333332
0.6333333333333334
-1.0
0.4
-0.625
-0.15
-0.5
-1.0
0.05
0.6333333333333334
0.4
0.0
0.5
0.55
0.07083333333333332
1.0
0.0
0.05
0.05
0.05
0.6333333333333334
-1.0
0.75
0.05
-0.8125
0.3431818181818182
0.4625
0.8
0.8
0.05
0.5111111111111111
0.35200000000000004
0.05
1.0
0.05
0.07083333333333332
0.0
0.07083333333333332
-0.8125
0.75
0.0
0.05
0.6
0.05
0.75
-0.15
0.7
0.29523809523809524
-1.0
0.05
0.07083333333333332
0.65
-0.25
-0.0068181818181818135
0.675
0.4625
0.65
0.7083333333333334
0.4375
0.3833333333333333
0.2619047619047619
0.05
0.4
-1.0
0.0
0.6333333333333333
-1.0
0.35
0.46666666666666673
-0.1857142857142857
0.6
0.4333333333333333
0.8
0.75
0.925
-0.8
0.425
0.05
0.6333333333333334
0.0
0.07083333333333332
0.0
-0.8125
-0.8125
-0.26666666666666655
0.5071428571428571
0.4
0.0
-0.6
0.5
0.0
-0.5
0.35
0.6333333333333334
0.65
0.85
-0.5
0.75
-0.8
-0.26111111111111107
-0.625
0.0
0.05
-0.15
0.07083333333333332
0.05
0.4625
0.2619047619047619
1.0
0.05
0.09166666666666667
0.8
0.6
0.55
0.85
0.6
0.0
0.35200000000000004
0.6333333333333334
0.35
0.5111111111111111
0.0
-0.4
0.15000000000000002
0.625
0.2619047619047619
0.5111111111111111
-0.5
0.35
1.0
0.4000000000000001
0.125
-0.19642857142857142
-0.8125
0.07083333333333332
0.425
0.07083333333333332
-0.625
0.8
0.45
0.05
0.25
-0.5
-0.9375
0.9375
0.625
0.0
0.6000000000000001
0.875
0.07083333333333332
0.35
0.35200000000000004
0.6
0.6
0.11666666666666665
0.4333333333333333
0.0
0.0
0.4523809523809524
0.5
0.25
-0.19642857142857142
0.07083333333333332
-1.0
0.8
0.75
0.05
0.5
0.18392857142857144
0.75
0.1888888888888889
0.6333333333333334
0.05
0.0
0.8
0.18392857142857144
-1.0
0.4000000000000001
0.6333333333333334
0.45
0.925
0.6166666666666667
0.55
0.85
0.05
0.75
1.0
0.8
0.375
0.5
0.125
0.8
0.8333333333333334
1.0
0.3314285714285714
-0.15
0.4333333333333333
0.575
0.35
0.375
-0.052727272727272734
0.6333333333333334
0.4625
0.04375000000000001
0.07083333333333332
-0.39999999999999997
0.5
0.4625
0.375
0.565625
0.7999999999999999
0.35
0.575
0.07083333333333332
0.575
0.5
0.4625
0.35
-0.1
0.07083333333333332
0.548828125
0.8
0.07083333333333332
0.65
-0.7
0.4375
-0.5
0.3285714285714286
0.4625
0.5
0.8
0.05
0.07083333333333332
0.07083333333333332
0.7
0.11249999999999999
0.75
0.07083333333333332
0.65
0.05
1.0
0.16666666666666666
0.43333333333333335
0.4375
0.05
0.575
0.6333333333333334
0.029166666666666646
0.6333333333333334
0.6666666666666666
0.4333333333333333
0.029166666666666646
0.1722222222222222
-1.0
0.8
0.4000000000000001
-0.3125
0.35
0.75
-0.625
0.375
-1.0
0.07083333333333332
0.07083333333333332
0.65
-0.19999999999999998
-1.0
0.7750000000000001
0.4000000000000001
-0.21666666666666667
0.1722222222222222
0.4
0.07083333333333332
0.75
0.8
0.375
0.4625
-0.6875
0.3
0.75
0.1722222222222222
0.4000000000000001
0.75
0.07083333333333332
0.0
-0.8125
0.5
-0.8125
-0.5
0.1722222222222222
0.125
0.07083333333333332
0.75
0.35
0.575
0.05
0.575
-0.75
0.1
0.35
0.07083333333333332
0.6
-0.049999999999999996
-0.48750000000000004
-1.0
0.0
-0.5
0.4
0.75
0.0
0.07083333333333332
0.0
0.21142857142857144
-0.04444444444444443
0.5
0.07083333333333332
0.18392857142857144
0.75
-0.15
0.05
0.4625
0.475
0.35200000000000004
-0.15
0.35
0.4333333333333333
0.0
0.75
0.7
-0.8
0.0
0.4333333333333333
0.75
1.0
0.07083333333333332
0.35
-0.5
-0.8125
0.75
0.75
-0.0625
0.7
0.5
0.3916666666666666
-0.2
1.0
0.06818181818181818
0.0
0.64
0.0
0.8
0.75
0.625
0.4333333333333333
-0.5
0.35
0.6
0.2619047619047619
0.7750000000000001
-0.5
0.0
0.0
-0.25
-0.19642857142857142
0.75
0.6333333333333334
0.5
0.2681818181818182
0.15000000000000002
0.85
-0.05833333333333336
0.07083333333333332
0.05
0.3375
0.3
0.4333333333333333
0.8
0.4
0.05
0.37500000000000006
0.05
0.07083333333333332
0.5
1.0
-0.5
0.75
-0.16666666666666666
0.23888888888888893
0.25
0.4625
0.0
0.75
0.26666666666666666
0.5
0.75
0.1722222222222222
-0.6
-0.05
0.8
-0.21666666666666667
-0.15000000000000002
1.0
0.45
0.125
0.8
0.4
0.575
0.6499999999999999
0.35
0.4333333333333333
0.55
0.0
0.65
0.1875
0.30000000000000004
-0.19642857142857142
-0.21666666666666667
0.75
0.9
0.575
0.5
0.1722222222222222
0.07083333333333332
-1.0
0.8
0.0
0.04999999999999999
-0.5
0.175
-0.5
0.05
0.1722222222222222
0.4
0.3285714285714286
0.0
1.0
0.75
0.55
0.1888888888888889
0.35
0.7000000000000001
0.05
-0.05
-0.041666666666666664
0.15000000000000002
0.7999999999999999
0.65
0.6
0.6333333333333334
0.6333333333333334
0.75
-0.4375
0.35
0.4000000000000001
0.45
0.425
0.2619047619047619
0.05
0.07083333333333332
1.0
0.1875
0.75
0.625
-0.05
0.75
0.7
0.4333333333333333
0.8
-0.5
0.6000000000000001
0.8
0.575
-0.8125
0.75
0.1888888888888889
0.4625
0.25
0.75
-0.75
0.39999999999999997
0.6333333333333334
-0.8
-0.9375
0.31666666666666665
0.8
0.0
0.75
-0.9
-0.8125
0.175
-0.5
-0.5
0.0
-0.2
0.8
0.75
0.8
0.2681818181818182
-0.5
0.2
0.75
0.575
0.75
0.0
-0.5
0.6
0.4642857142857143
-0.5
0.5
0.575
0.30000000000000004
0.6666666666666666
-0.45
0.15
0.9375
0.47500000000000003
0.15000000000000002
0.07083333333333332
0.6333333333333334
0.1875
0.7055555555555556
0.6000000000000001
0.3666666666666667
-0.4
-0.5
0.565625
-0.5
0.8
-0.10833333333333334
0.4625
-0.3
-1.0
0.625
0.6
0.7
0.8
0.0
0.07083333333333332
0.1875
0.6333333333333334
0.07083333333333332
0.425
0.5
0.0
-0.15
0.44999999999999996
0.6333333333333334
0.6
0.1875
0.6166666666666667
0.6
0.4625
0.6333333333333334
0.75
0.35
0.6160714285714286
-0.16666666666666669
-0.8125
0.2681818181818182
0.4333333333333333
0.35
0.4375
0.0
0.8
0.5
1.0
0.35
-0.75
-0.8125
0.65
-0.15
0.35
0.4625
0.35
-0.8
0.35
0.4
0.5968749999999999
0.0
0.0
0.0
0.07083333333333332
0.07083333333333332
-0.9
0.9666666666666667
0.6333333333333334
-0.30000000000000004
-0.75
0.35
0.6000000000000001
0.07083333333333332
-0.6
-0.21666666666666667
0.8
-1.0
0.6333333333333334
0.35
0.5
0.425
0.25
0.35
0.55
0.75
0.8
0.2619047619047619
-0.8125
0.0
0.75
0.35
-0.16999999999999998
-0.8125
0.1
0.75
0.30000000000000004
-0.16666666666666669
0.5
-0.5
0.1
0.0
0.0
0.0
0.0
0.35
0.26666666666666666
0.05
1.0
0.09047619047619047
-0.125
0.575
-0.5
0.1888888888888889
-0.10833333333333334
0.0
0.9099999999999999
0.35
-0.25
0.35
0.35
-0.8125
0.8
0.9
0.6333333333333334
-0.8
0.1888888888888889
0.6333333333333334
0.0
-1.0
0.35
0.05
1.0
-0.75
1.0
0.06818181818181818
0.0
0.6333333333333334
-0.5
0.35
0.0
0.2916666666666667
0.4
0.8
0.45
0.75
-0.1
0.5
0.35
0.35
0.7
0.790625
-0.3333333333333333
-0.4
0.3666666666666667
0.575
0.2681818181818182
0.1875
0.7055555555555556
-0.3333333333333333
0.8
0.75
0.875
0.4
0.3854166666666667
-0.5
0.5
-0.8125
1.0
0.6
-0.4125
0.175
0.1875
0.07083333333333332
0.2111111111111111
-0.15000000000000002
0.40625
-0.5
0.625
1.0
0.5
-0.5
-0.4125
0.4333333333333333
0.625
0.6499999999999999
0.0
1.0
0.07083333333333332
0.8
0.3
0.5
1.0
-0.0625
0.22083333333333333
0.45
0.575
0.6666666666666666
0.9099999999999999
0.1875
0.1
0.35
0.25
0.18333333333333332
0.75
0.0
0.0
0.07083333333333332
0.625
0.4625
1.0
0.15
0.5
1.0
0.7055555555555556
0.75
1.0
0.07083333333333332
0.5166666666666666
-0.6999999999999998
-0.5
-0.05
0.0
0.6071428571428571
0.75
0.0
0.5111111111111111
0.9
0.6
0.55
0.7055555555555556
0.024999999999999984
-0.4
0.06818181818181818
0.55
-0.5
0.625
0.5
0.0
0.565625
0.06818181818181818
0.6
0.55
0.625
1.0
-0.6
0.1875
0.4333333333333333
-0.5
0.6
0.55
-0.13333333333333333
0.07083333333333332
0.35
0.4375
0.8
0.3390625
-0.8125
0.13958333333333334
0.30000000000000004
0.75
0.6
0.6000000000000001
-1.0
0.1722222222222222
0.07083333333333332
0.925
0.25
0.55
0.07500000000000001
-0.8125
0.5
-0.7
-0.1333333333333333
0.0
0.55
0.4333333333333333
-0.16590909090909092
0.55
-0.5
0.75
0.3375
0.6333333333333334
-0.16666666666666669
-0.05833333333333336
0.4
-0.25
0.4375
0.0
0.07083333333333332
0.45
0.06818181818181818
0.55
1.0
0.15000000000000002
0.35
0.575
0.4
0.5166666666666666
0.875
0.35
0.55
0.0
-0.5
-0.5325
0.30833333333333335
0.75
0.55
0.75
0.5633333333333334
0.0
0.32500000000000007
0.3390625
0.75
0.0
0.35
0.05
-0.875
0.4333333333333333
0.75
-0.5
-0.4
0.8
0.55
0.55
0.07083333333333332
0.0
0.45
-0.3333333333333333
-0.5
0.55
0.5
0.85
0.35
0.575
0.0
0.1888888888888889
0.1888888888888889
0.85
0.85
0.35
1.0
0.85
0.8
1.0
0.85
0.75
0.85
0.18392857142857144
0.1722222222222222
0.4
0.8
0.85
0.6
1.0
-0.8
0.05
0.8
0.47142857142857136
0.35
0.55
-0.875
0.85
0.05
0.55
0.07083333333333332
0.55
0.75
0.6
0.07083333333333332
0.0
0.6166666666666667
0.7
-0.6
-0.75
0.55
-0.5
0.4
0.75
0.375
-0.5
0.5416666666666666
1.0
0.6071428571428571
0.85
0.6166666666666667
0.175
0.4
0.85
0.4
0.55
0.6
0.07083333333333332
0.6
0.55
0.6
0.35
0.19128787878787878
0.4
0.35
0.0
0.575
0.85
0.55
0.0
-0.25
0.6333333333333334
0.17857142857142858
-0.7
0.75
0.0
0.07083333333333332
0.55
-0.25
0.25
-0.5
-0.75
0.5
0.07083333333333332
0.55
0.75
0.0
0.6333333333333334
0.07083333333333332
0.07500000000000007
0.6000000000000001
1.0
0.5
0.6
0.5
0.6166666666666667
0.55
0.75
0.85
0.8
0.7999999999999999
0.35
0.55
0.625
0.2
0.0
0.35
0.4375
0.55
0.1888888888888889
0.35
0.575
-0.5325
0.0
-0.5562499999999999
0.05
0.3833333333333333
0.8
0.05
-0.25
0.25
0.8
-0.8125
0.32500000000000007
1.0
0.6333333333333334
0.5
0.85
0.8
0.75
-0.2
0.0
0.5633333333333334
0.5
0.75
0.55
0.75
0.425
0.0
0.6166666666666667
0.1722222222222222
0.7
0.35
0.2681818181818182
0.35
-0.5
-0.09999999999999992
0.55
0.85
0.5
0.35
-0.15625
0.8
0.35200000000000004
0.1722222222222222
0.0
0.5633333333333334
0.07083333333333332
-1.0
0.5
-0.75
-0.22499999999999998
0.4
0.55
0.19270833333333331
0.85
0.85
0.0
0.07083333333333332
0.5
0.75
0.30000000000000004
0.35
0.85
0.675
0.75
0.925
0.55
0.75
0.0
0.55
0.07083333333333332
0.55
-0.25
0.19128787878787878
0.19128787878787878
0.55
0.55
-0.5
-0.25
0.75
-1.0
0.25
0.25
0.0
0.85
-0.25
0.5
-0.5
0.625
0.0
0.55
0.4
0.55
0.23611111111111108
0.4
0.07083333333333332
0.5
0.1
0.55
0.19128787878787878
-0.390625
-0.5
0.35
0.8
0.55
0.55
0.5
0.55
0.55
0.55
0.55
-0.25
0.2
0.55
0.565625
0.19128787878787878
0.8
0.8
-0.15000000000000002
-0.5
0.6000000000000001
0.75
0.0
0.85
0.7
0.6
-0.25
-0.25
-0.25
0.85
0.55
0.7
0.55
0.0
-0.25
-0.25
0.07083333333333332
0.8
0.55
-0.5
-0.15625
0.75
0.55
0.45
-0.25
0.6333333333333334
0.6
0.55
0.6
0.55
0.07083333333333332
-0.5
0.10000000000000003
0.55
0.55
0.5
0.875
-0.25
0.8
1.0
0.20000000000000004
0.5
0.55
-0.25
0.3390625
0.0
0.46666666666666673
-0.25
0.35
-0.125
-0.125
0.25
0.565625
-0.25
-0.125
0.25
0.35
-0.15
-0.625
0.0
0.55
0.4333333333333333
0.8
0.0
0.25
0.7
0.55
-0.25
0.7
0.8
-0.3333333333333333
0.55
-0.8125
1.0
0.4625
0.85
-0.9375
-0.05833333333333336
0.3681818181818182
-0.25
0.47142857142857136
-0.15625
0.0
0.6
0.55
0.55
0.75
-0.25
0.8
-0.15625
0.55
0.55
0.6
-0.25
0.7
0.640625
0.75
0.3390625
0.55
0.25
0.7
0.8
0.0
0.171875
-0.9
0.25
-0.25
-0.4
0.7055555555555556
0.55
0.0
0.3527777777777778
0.6875
0.75
0.19128787878787878
0.55
0.675
0.35
0.4000000000000001
-0.25
0.5633333333333334
0.575
0.85
0.55
0.4333333333333333
0.7
0.0
-0.15625
0.75
0.0
0.790625
-0.25
0.3390625
0.2
0.7
0.85
0.425
-0.15
-0.25
0.85
0.6000000000000001
0.85
0.4000000000000001
-0.25
-0.8125
-0.25
0.55
0.2785714285714286
0.75
-0.05
0.3390625
0.85
-0.8
0.3390625
-0.25
0.7
0.4
-0.7
-0.75
-0.25
-0.75
0.85
0.35200000000000004
0.07083333333333332
0.2333333333333333
0.07083333333333332
-0.25
0.5375000000000001
0.640625
0.75
0.5
0.55
0.2
-0.15625
-0.15625
0.7
0.8
0.26666666666666666
0.6
0.7
-0.10833333333333334
0.46875
-0.25
0.55
0.575
-0.25
0.6
0.55
0.6333333333333334
0.8
-0.25
0.8
0.55
0.7
0.2619047619047619
0.575
0.07083333333333332
0.0
0.25
0.55
0.15
0.5
0.0
-0.5
0.55
0.475
0.3390625
-0.75
0.55
0.35
0.15000000000000002
0.55
0.75
0.3390625
0.1
-0.25
0.3
-0.1
0.15
0.55
0.575
0.5
0.7055555555555556
0.43333333333333335
-0.15
-0.15
0.0
0.55
-0.375
0.0
0.75
-0.15000000000000002
-0.25
0.15000000000000002
-0.25
1.0
0.0
0.4625
0.07083333333333332
-0.3333333333333333
0.625
0.85
0.640625
0.3390625
0.3
-0.15625
0.75
0.85
1.0
0.6
0.5
-0.25
0.07083333333333332
0.35200000000000004
0.75
0.04999999999999999
0.55
0.05
-0.25
0.6333333333333334
-0.75
0.3390625
-0.375
-0.5
0.04999999999999999
0.55
0.0
0.17857142857142858
0.4625
0.0
0.45
0.6000000000000001
-0.75
0.3390625
0.09999999999999998
0.04999999999999999
-1.0
-0.8
-0.75
0.5
0.04999999999999999
0.04999999999999999
0.04999999999999999
-0.75
0.4
0.7000000000000001
0.4625
-0.75
1.0
-0.75
0.7
0.55
0.04999999999999999
0.55
0.04375000000000001
0.75
0.4
-0.8
0.07083333333333332
-0.75
-0.75
-0.15625
0.6875
0.4625
-0.1
0.55
0.04999999999999999
0.3390625
0.5
0.04999999999999999
0.5428571428571428
-0.75
-0.25
0.5428571428571428
-0.75
0.0
-0.25
0.3390625
0.0
1.0
0.0
0.04999999999999999
0.55
0.5428571428571428
-0.5
0.8
-0.25
0.8
0.2875
0.7
0.04999999999999999
0.825
-0.75
0.04999999999999999
0.04999999999999999
0.875
0.07083333333333332
0.75
-0.75
-0.75
0.04999999999999999
1.0
0.04999999999999999
-0.25
0.04999999999999999
0.04999999999999999
0.75
0.575
0.5047619047619047
0.0
-0.8125
0.0
0.55
0.0
0.04999999999999999
-0.75
0.75
0.07083333333333332
-0.75
-0.8125
0.6
-0.25
0.07083333333333332
0.3390625
1.0
0.04999999999999999
0.625
-0.75
0.0
0.30000000000000004
0.8
0.7
0.7
-0.25
0.4625
0.4625
0.75
0.2
0.04999999999999999
0.1888888888888889
0.7
0.625
0.6666666666666666
0.375
0.0
0.55
0.04999999999999999
0.8
0.475
-0.75
0.625
-0.625
0.5428571428571428
-0.75
0.05
0.3390625
0.525
0.425
0.0
-0.1
0.04999999999999999
0.35
-0.3125
1.0
0.4625
1.0
0.175
0.41666666666666663
0.10000000000000003
0.5
-0.15000000000000002
0.04999999999999999
0.55
0.1
-0.25
0.07083333333333332
0.45
0.85
-0.05
0.1875
0.0
0.04999999999999999
-0.5
0.8
-0.75
0.38749999999999996
0.04999999999999999
-0.9375
1.0
-0.75
0.04999999999999999
-0.75
0.10000000000000003
0.0
-0.25
0.04999999999999999
0.5625
0.5625
-0.9375
-0.25
0.04999999999999999
0.4375
1.0
0.5625
0.04999999999999999
0.875
-0.6999999999999998
0.15
0.3390625
-0.11428571428571428
-0.1875
0.425
-0.75
0.625
0.5625
0.5625
0.04999999999999999
1.0
-0.75
1.0
0.6666666666666666
0.04999999999999999
-0.75
0.5625
0.5625
-0.75
0.25
0.04999999999999999
0.6666666666666666
0.0
0.5900000000000001
0.5625
0.575
0.55
0.45
0.4625
0.7
-0.5
-0.75
0.175
0.0
-0.25
1.0
0.5625
0.07083333333333332
1.0
-0.75
0.4
0.75
0.575
0.5
-0.15625
0.5625
0.5900000000000001
0.8
0.0
0.19128787878787878
-0.25
0.85
0.7
0.04999999999999999
0.10000000000000003
-0.25
-0.75
0.8
0.5625
0.0
-0.25
0.85
0.3390625
0.35
0.0
0.5900000000000001
0.640625
-0.25
0.35
0.55
0.5625
0.0
0.15
0.85
0.0
-0.25
0.35
0.04999999999999999
0.5266666666666666
0.8
0.04999999999999999
0.8
0.3833333333333333
0.35
0.4625
0.15
0.5900000000000001
0.575
-0.75
-0.25
-0.22499999999999998
0.85
0.5900000000000001
0.6
0.0
0.6
-0.10714285714285715
-0.25
0.55
0.05
0.575
-1.0
-0.75
0.1722222222222222
0.75
0.5900000000000001
0.6000000000000001
0.0
-0.25
0.25
0.5900000000000001
0.5625
0.55
0.55
-0.25
0.75
0.5900000000000001
1.0
0.6
0.0
0.55
0.0
0.6499999999999999
0.9
0.5625
0.35
0.8
0.5625
0.0
-0.25
0.5
0.7
0.0
-0.75
0.04999999999999999
0.6666666666666666
0.5625
0.575
0.5625
1.0
0.8
0.07083333333333332
0.4625
0.5625
-0.25
0.4333333333333333
0.8
0.10000000000000003
0.5625
0.6666666666666666
0.575
0.575
0.5625
0.0
0.17777777777777773
0.625
0.5
0.35
0.525
-0.5
-0.15
0.35
0.55
0.6333333333333334
1.0
0.75
0.55
0.04999999999999999
0.1722222222222222
0.0
0.04999999999999999
0.7
0.5625
0.8
-0.75
0.85
0.565625
0.5
0.0
0.5625
0.1722222222222222
0.0
0.5
-0.25
-0.25
0.5333333333333333
1.0
0.2333333333333333
0.7
-0.15000000000000002
0.15000000000000002
0.7
0.6
0.5900000000000001
0.4000000000000001
0.5
0.4625
0.5900000000000001
0.55
0.55
0.5625
0.0
-1.0
-0.1875
-0.5
-0.8
-0.22857142857142856
0.0
0.5
0.5
0.55
0.5333333333333333
-0.4125
-0.75
0.35624999999999996
0.5333333333333333
0.7
0.85
0.07083333333333332
0.5333333333333333
0.10000000000000003
0.5333333333333333
-0.5
0.5333333333333333
0.5900000000000001
-0.15000000000000002
0.35
0.575
0.5
0.07083333333333332
0.5333333333333333
0.4
0.5333333333333333
0.04999999999999999
0.5333333333333333
0.55
0.5625
0.575
0.0
0.5900000000000001
0.10000000000000003
0.5
0.04999999999999999
0.7
-0.75
0.4625
0.3333333333333333
0.55
1.0
0.19128787878787878
0.4625
0.5333333333333333
-1.0
-0.16590909090909092
0.5900000000000001
0.47916666666666674
-0.6875
0.5625
-0.09999999999999992
-0.25
0.04999999999999999
0.04999999999999999
0.75
0.75
0.04999999999999999
-0.5
0.0
0.42500000000000004
-0.75
0.07083333333333332
0.55
0.5428571428571428
0.565625
0.06666666666666665
0.6
0.5633333333333334
-0.5
0.07083333333333332
0.04999999999999999
-0.75
0.2
0.5333333333333333
0.35
0.55
0.07083333333333332
0.3390625
0.35
0.75
0.0
0.05
0.8
-0.25
0.0
-0.5
-0.0625
0.5
0.6666666666666666
0.5333333333333333
0.3
0.4000000000000001
0.55
0.024999999999999984
-0.09999999999999992
-0.5999999999999999
0.2875
0.06818181818181818
-0.15
0.5333333333333333
0.5
-0.5
0.29940476190476195
0.75
0.04999999999999999
0.1888888888888889
0.5625
0.55
0.4
0.7
0.45
0.19128787878787878
0.75
0.78
0.55
-0.5777777777777778
0.04999999999999999
0.25
0.45
0.5333333333333333
-0.15
0.4000000000000001
0.425
0.3390625
0.0
1.0
0.4
0.4
-0.75
-0.25
0.7
0.575
0.0
0.55
0.0
0.375
-0.5777777777777778
0.55
0.575
0.36818181818181817
-0.25
0.35
0.0
-0.75
0.8
0.5
0.1392857142857143
-0.4125
-0.09999999999999992
-0.6999999999999998
0.35
0.04999999999999999
0.0
-1.0
0.8
-0.8
0.75
0.04999999999999999
0.5333333333333333
0.5
-0.5
0.5
0.0
-0.09999999999999992
-0.5
-0.75
0.07083333333333332
-0.16666666666666666
-0.25
0.55
0.04999999999999999
-1.0
0.75
0.7
-0.09999999999999992
0.55
0.7
1.0
0.0
0.55
0.0
-0.9375
0.0
0.0
-0.75
-0.25
0.5
0.4625
0.04999999999999999
-0.25
0.75
0.4000000000000001
0.37500000000000006
0.85
0.85
1.0
0.4
0.8
0.06666666666666665
0.35
0.0
0.0
0.07083333333333332
0.35
-0.8125
-0.0625
0.7
-0.0068181818181818135
0.0
-0.325
-1.0
-0.8125
0.55
0.04999999999999999
0.8
0.08522727272727272
0.04999999999999999
0.0
0.35
0.8
0.7
0.6
0.35
0.640625
0.04999999999999999
0.07083333333333332
0.109375
0.0
0.24242424242424243
0.8
0.0
0.175
0.25
-0.75
0.75
0.2
0.4625
0.78
0.6000000000000001
0.5
-0.75
0.0
0.75
0.55
0.5333333333333333
-0.75
-0.25
0.0
0.5
0.8
-0.3333333333333333
0.0
0.5625
0.5428571428571428
0.5
0.0
0.29545454545454547
0.6
0.6333333333333334
-0.041666666666666664
0.75
0.0
0.0
0.5625
0.5
0.75
0.475
0.8
0.35
-0.0666666666666667
0.5
0.3444444444444444
0.5
0.10000000000000003
0.5428571428571428
-0.6999999999999998
-0.75
0.5
0.04999999999999999
0.5
0.5
0.85
0.375
0.0
0.575
0.5625
0.0
0.0
-0.5
0.5
0.75
-0.8125
0.07083333333333332
0.07083333333333332
0.0
0.5
-0.25
0.7
0.5625
-0.3277777777777778
0.0
0.8
0.3390625
0.0
0.5
0.75
-0.6
0.0
0.07083333333333332
0.10000000000000003
0.5
0.35200000000000004
0.2816666666666667
0.575
0.4
0.3390625
0.0
0.04999999999999999
0.4
-0.09999999999999992
0.575
0.4625
0.55
-0.75
0.04999999999999999
0.07083333333333332
0.5499999999999999
-0.05
0.0
0.55
0.5
0.46666666666666673
0.32500000000000007
0.07083333333333332
-0.25
0.4375
-0.7142857142857143
0.1375
0.5
-0.15625
0.75
0.65
0.0
0.6
0.375
0.30000000000000004
0.75
0.75
0.5625
0.0
0.45
0.5
-0.25
0.0
-0.5
-0.22500000000000003
0.4625
0.0
0.0
0.5
0.37500000000000006
0.15000000000000002
0.8
0.0
0.6000000000000001
0.7055555555555556
0.85
-0.9
0.35
0.5625
0.875
0.0
0.15
0.5625
0.55
0.15
0.5
0.0
-0.5
0.55
5.551115123125783e-17
0.0
0.0
0.5111111111111111
0.55
0.5
0.35200000000000004
0.10000000000000003
-0.09999999999999992
0.1722222222222222
0.4
0.75
0.7
0.0
0.4000000000000001
0.0
0.5625
0.25000000000000006
-1.0
0.0
0.10000000000000003
0.5111111111111111
-0.25
0.85
-0.15625
0.0
-0.625
-0.9
-0.9
0.8
0.0
0.5428571428571428
0.5
1.0
0.5
0.07083333333333332
0.25000000000000006
-0.75
0.0
0.04999999999999999
-0.3333333333333333
0.4333333333333333
0.5
0.4333333333333333
-0.10833333333333334
0.35
0.6
0.45
0.0
-0.5
0.6000000000000001
0.35
0.39999999999999997
0.5583333333333333
-0.5777777777777778
0.675
0.3390625
-0.8
-0.5
-0.5
0.7
0.0
0.55
0.04999999999999999
0.0
0.75
0.55
0.19128787878787878
0.85
0.4625
0.024999999999999984
-0.5777777777777778
0.5333333333333333
-0.75
0.375
0.4
-0.15
0.5625
0.6
0.8
0.5
0.5428571428571428
0.5
0.7
0.04999999999999999
0.39999999999999997
-1.0
0.6333333333333334
0.1
-0.3068181818181818
0.07083333333333332
0.75
0.35
0.55
0.5111111111111111
0.04999999999999999
-0.041666666666666664
0.0
-0.3068181818181818
-0.75
0.8
0.5000000000000001
-0.25
-0.8125
0.25
0.55
0.5900000000000001
0.8
0.5111111111111111
0.04999999999999999
0.625
0.7
0.04999999999999999
1.0
0.19128787878787878
-0.0625
-0.25
0.55
-0.25
0.4
0.3375
0.0
0.5800000000000001
0.4333333333333333
0.5900000000000001
0.565625
0.07083333333333332
0.1
0.0
0.5111111111111111
0.0
0.5900000000000001
0.5
0.15
-0.5777777777777778
0.5625
0.0
0.5
-0.15000000000000002
0.5111111111111111
0.04999999999999999
-0.05
0.25
0.0
0.85
0.6
0.0
0.75
0.15625
0.55
0.55
0.06818181818181818
0.00833333333333332
0.55
0.0
0.6
0.0
0.06818181818181818
0.0
0.55
0.6333333333333334
0.0
0.5
0.0
0.1
0.00833333333333332
-0.5
0.5
0.075
0.8
0.0
0.8
0.6555555555555556
0.05
-0.9375
-0.5
0.0
0.8
0.5625
0.55
0.1875
0.75
0.1
0.5333333333333333
0.375
0.25
0.875
0.2
0.85
0.0
0.25
-0.22499999999999998
0.58
0.0
0.7
0.10000000000000003
0.425
0.575
0.05
-0.5
0.4
0.75
0.6875
-0.5777777777777778
0.7
0.575
0.3
0.9166666666666666
0.4625
-0.07500000000000001
0.0
0.3390625
0.565625
0.4
0.8
0.85
0.4625
0.175
0.5333333333333333
0.35
-0.9
0.07083333333333332
-0.8125
0.0
0.024999999999999984
-0.5777777777777778
0.55
0.16666666666666666
0.7
0.0
0.5625
0.5625
0.0
-0.07500000000000001
0.4
0.4
0.1722222222222222
0.6
0.5111111111111111
0.15
0.5111111111111111
0.44999999999999996
-1.0
-0.9375
0.07083333333333332
0.9
-0.5
0.5
0.75
0.0
-0.75
0.15625
0.8
0.6
0.55
-0.25
-0.9375
0.04999999999999999
0.4000000000000001
5.551115123125783e-17
0.75
0.55
0.07083333333333332
0.5
0.5
0.5625
0.5333333333333333
0.5
0.5
0.55
0.7
-0.5
0.7
0.4333333333333333
-0.09999999999999992
0.6
0.00833333333333332
0.00833333333333332
0.04999999999999999
0.5
0.5428571428571428
0.4
0.35
0.5625
0.4333333333333333
-0.25
0.5428571428571428
0.4
0.0
0.0
0.5
-0.033333333333333326
-0.0625
0.05
0.6666666666666666
0.6111111111111112
0.5
0.0
0.575
0.4333333333333333
1.0
0.0
0.55
-0.75
0.0
0.55
-0.9375
-0.75
0.05
0.55
-0.25
0.4625
0.565625
0.04999999999999999
0.1722222222222222
0.0
0.07083333333333332
0.565625
0.4
-0.25
0.9
0.35
0.5111111111111111
0.17500000000000002
0.5111111111111111
0.55
0.5428571428571428
-0.8
0.5
0.75
0.0
0.4625
0.85
0.7
0.55
0.55
0.04999999999999999
0.7
0.55
0.04999999999999999
0.4
0.234375
0.07083333333333332
0.5
0.4625
0.07083333333333332
0.575
-0.75
0.55
0.4
0.0
0.5
-0.15000000000000002
-1.0
0.8
0.5625
0.4
-0.8
0.55
0.4625
0.5
0.15625
0.5625
0.35
0.55
0.55
0.075
-0.35000000000000003
-0.9375
-0.75
0.07083333333333332
0.5625
0.575
0.10000000000000003
0.875
0.75
0.55
0.3390625
0.75
0.07083333333333332
0.00833333333333332
0.7
0.9
0.4
-0.15
0.55
0.5
0.6
0.4625
0.5
0.6333333333333334
0.5
0.425
0.35
-0.75
0.35
0.4333333333333333
-0.033333333333333326
0.8
0.234375
-1.0
0.8
0.4375
0.6
0.4375
0.5
0.5625
0.19128787878787878
0.8
0.04999999999999999
0.7
0.55
-0.75
0.0
0.55
0.5
0.75
-0.4139999999999999
0.55
0.75
0.5625
-0.25
0.5333333333333333
0.55
0.5625
0.0
-1.0
0.07083333333333332
0.55
-0.8125
0.6285714285714286
-0.15
-0.19999999999999998
0.0
0.2333333333333333
0.07083333333333332
0.7
0.5
0.3333333333333333
0.0
0.8
0.04999999999999999
-0.75
0.35
-0.75
0.0
0.8
0.4333333333333333
-0.2125
-0.8
-0.5
0.2816666666666667
0.5
0.07083333333333332
0.1
-1.0
-0.75
-0.75
0.5625
-0.75
0.55
0.75
0.05000000000000001
0.55
0.25
0.0
-0.5
1.0
0.3
0.04999999999999999
-0.75
-0.75
0.7
-0.75
-0.75
0.8
-0.5
0.2619047619047619
0.05
0.55
0.04999999999999999
-0.75
0.6000000000000001
-0.75
-0.75
-1.0
-0.75
0.5625
0.55
0.2
0.5428571428571428
0.15
0.26944444444444443
0.11607142857142856
0.75
-0.4
0.5
-4.625929269271485e-18
0.15
-0.25
0.5
0.425
0.00833333333333332
-0.15
-0.15000000000000002
-0.09999999999999992
0.4
0.5
-0.4
0.7
-0.6999999999999998
-0.10833333333333334
0.565625
0.5
0.55
0.11607142857142856
0.0
0.0
0.024999999999999984
-0.15000000000000002
0.00833333333333332
0.8
0.7
-0.5
1.0
0.575
-0.5
-0.25
0.575
0.0
0.55
0.5
0.05
0.375
0.5
-0.25
0.55
0.5333333333333333
0.8
-0.21666666666666667
-0.75
0.75
0.4
0.5
0.0
0.2833333333333333
-0.18253968253968256
-0.75
-1.0
0.2333333333333333
0.1375
0.25
0.55
5.551115123125783e-17
0.07083333333333332
0.35
0.5285714285714286
0.04999999999999999
0.6000000000000001
-0.75
-0.09999999999999992
-1.0
0.35
0.75
-0.75
0.75
0.06666666666666665
0.75
0.5
0.8
0.46875
0.275
0.004166666666666652
0.5
0.75
0.5
0.85
0.024999999999999994
0.35
0.4625
0.1
0.75
-0.8125
0.35
0.5
0.46875
0.451010101010101
-0.75
0.04999999999999999
0.5
-0.8125
0.0
0.4625
-0.25
-0.15
0.85
0.35
-0.25
-0.75
-0.5
0.8
0.55
0.55
0.0
0.85
-0.75
0.3333333333333333
0.5625
-0.5999999999999999
-0.041666666666666664
0.75
-0.75
-0.6
0.55
-0.75
0.04999999999999999
-0.4125
0.46875
-1.0
-0.75
-0.25
0.25
-0.5
0.5625
0.46875
0.7
-0.75
-0.75
0.55
-0.75
0.46875
0.4000000000000001
0.1722222222222222
-0.75
0.04999999999999999
-0.15
0.0
-0.15625
-0.75
0.85
0.75
0.4
0.46875
0.35
0.25
0.8
-0.4
0.55
0.0
0.15
0.4
1.0
0.5
-0.25
-1.0
0.75
0.5
0.575
0.4000000000000001
-0.25
0.75
-0.15
0.07083333333333332
0.575
-0.75
0.46875
-0.8
0.4
0.2619047619047619
-0.75
0.25
0.55
0.10000000000000003
0.6
0.35
-0.24375000000000002
5.551115123125783e-17
-0.75
0.6333333333333334
-0.75
0.6
0.07083333333333332
-0.75
0.6
0.625
0.35
-0.8
0.46875
-0.22499999999999998
-0.25
0.5
0.04999999999999999
-0.75
0.6
1.0
0.7
0.1
0.1
0.25
0.35
0.7
0.5
0.5
0.6
0.00833333333333332
-0.07500000000000001
0.55
0.2333333333333333
-0.6999999999999998
0.05
0.04999999999999999
-0.12000000000000002
0.75
0.5428571428571428
0.8
-0.22000000000000003
0.4
0.4
0.6125
0.0
0.75
0.0
0.0
-0.25
0.35
0.5625
0.1888888888888889
0.575
0.46875
0.45
0.55
0.7000000000000001
0.5
0.0
0.0
-0.15625
0.46875
0.5
0.5428571428571428
1.0
-0.15625
-0.75
-0.75
0.5
0.475
-1.0
-0.75
0.5625
1.0
0.3333333333333333
0.3416666666666666
0.85
0.55
0.23750000000000004
0.6
0.2333333333333333
0.05
1.0
0.0
0.2619047619047619
0.75
0.5625
0.5625
0.5
0.55
0.6333333333333334
0.7
0.2
0.75
-0.125
0.07083333333333332
-0.15
-0.75
0.35
0.8
-0.15
0.75
0.75
0.8
-1.0
-0.75
0.425
-1.0
0.7
0.8
-0.75
0.30277777777777776
-0.5138888888888888
-0.75
0.75
0.8
0.0
-0.75
0.08333333333333334
0.6333333333333334
-0.3068181818181818
0.75
0.6
0.024999999999999994
0.55
0.4625
0.0
-0.75
0.75
0.35
0.46875
0.024999999999999984
-0.75
0.575
0.25
0.8
0.75
0.575
0.5
0.75
-0.24375000000000002
0.8
0.0
-0.24375000000000002
0.0
0.6333333333333334
0.875
0.14444444444444446
0.5
-0.75
0.7
0.125
-0.75
1.0
-0.5777777777777778
0.04999999999999999
0.3333333333333333
-0.25
0.04999999999999999
0.3416666666666666
-0.6000000000000001
0.3333333333333333
-0.25
0.5
0.07083333333333332
-0.75
0.0
0.04999999999999999
-0.75
0.64
0.0
1.0
0.1722222222222222
0.640625
0.75
0.55
-1.0
0.5111111111111111
0.0
-0.24375000000000002
0.4
0.04999999999999999
-0.25
0.1722222222222222
0.6333333333333334
0.7
0.5111111111111111
0.46875
0.5
0.45
-0.34375
0.55
0.8
0.5
-0.125
0.5625
0.7
0.675
-0.5138888888888888
0.75
0.19128787878787878
0.46875
0.5
-0.75
0.47444444444444445
0.55
-0.21666666666666667
-1.0
0.675
0.5
0.4333333333333333
0.5428571428571428
0.35
0.425
-1.0
0.04999999999999999
0.5625
-0.10833333333333334
0.8
-0.75
-0.10833333333333334
-0.25
1.0
0.1722222222222222
0.8
-0.25
0.1
-1.0
0.15
0.1
0.8
0.04999999999999999
0.10000000000000003
-0.75
0.3390625
-0.3333333333333333
-0.21666666666666667
0.6
0.75
0.1
0.6
0.55
0.75
-0.75
0.15000000000000002
0.5
0.46875
0.5
-0.24375000000000002
0.0
0.55
-0.75
0.5
0.04999999999999999
0.625
0.475
0.1722222222222222
0.125
-0.25
-1.0
0.8
0.5
-1.0
0.575
0.15000000000000002
0.8
-0.14375000000000002
0.5
0.5
0.75
0.0
0.0
0.6958333333333333
0.8
-0.75
0.0
0.6958333333333333
0.6958333333333333
-0.75
0.5
0.45
0.6958333333333333
0.0
0.6958333333333333
0.44999999999999996
-0.5
0.55
0.6958333333333333
0.4444444444444445
0.5111111111111111
0.6958333333333333
-0.22000000000000003
0.30000000000000004
0.4
0.0
0.5
0.9
0.8
0.575
0.35
0.6958333333333333
0.35
0.4625
0.0
0.6958333333333333
0.55
0.9
-0.3888888888888889
0.20625000000000004
0.07083333333333332
0.0
0.6958333333333333
0.6958333333333333
0.35
0.575
0.5625
0.47142857142857136
0.6958333333333333
0.6958333333333333
0.5
0.0
-1.0
0.9
-0.5
0.575
0.4375
0.5
0.85
-0.375
0.35
0.6958333333333333
0.6958333333333333
0.5333333333333333
0.25
0.6958333333333333
0.575
0.75
-0.9375
-0.5
-0.75
0.36818181818181817
0.0
-0.75
-0.22000000000000003
-0.0666666666666667
0.04999999999999999
0.0
0.35
0.8
0.0
-0.75
0.6958333333333333
0.125
0.26666666666666666
0.1722222222222222
0.15
0.35
0.5625
0.75
0.4444444444444445
0.85
0.0
0.55
0.43333333333333335
0.75
0.6666666666666666
-0.07777777777777779
0.0
0.4625
0.5
0.55
0.5333333333333333
0.5
-0.125
0.04999999999999999
0.35
0.6958333333333333
0.6958333333333333
0.5
-0.75
1.0
0.5
0.5428571428571428
0.25000000000000006
0.0
0.05
0.6000000000000001
0.4625
0.0
0.55
-0.21666666666666667
0.07083333333333332
0.1722222222222222
0.5
0.0
0.0
0.6958333333333333
0.8
0.6666666666666666
0.0
-0.9375
0.475
-0.5
-0.6000000000000001
0.8
0.5625
0.475
0.2
-0.5
0.5625
-1.0
0.6
0.05
-0.75
0.475
0.6958333333333333
0.46875
0.35
0.4625
0.6958333333333333
0.46875
0.0
0.6625
0.4
0.4954545454545454
-0.75
0.4444444444444445
0.6000000000000001
0.07083333333333332
0.6333333333333333
0.4285714285714286
-0.25
0.32499999999999996
0.475
0.6958333333333333
0.46875
0.6958333333333333
-1.0
0.375
0.55
0.06666666666666665
-0.75
-0.75
0.30000000000000004
-0.6999999999999998
-0.75
0.0
0.875
-0.75
0.4444444444444445
-0.75
-0.75
0.475
-0.15
0.00833333333333332
0.4444444444444445
0.5
-0.75
0.6958333333333333
0.75
0.8
0.75
0.45
0.6958333333333333
0.35
-0.02500000000000001
0.25
0.4375
-0.75
-0.75
0.75
1.0
0.07083333333333332
0.7
-0.75
0.0
0.75
0.6
0.75
-0.8
0.4444444444444445
0.4444444444444445
0.4
0.6958333333333333
-0.5
-0.3068181818181818
0.5
0.8
0.55
-0.16666666666666666
-0.15
0.0
0.4
0.4444444444444445
0.20625000000000004
-0.25
0.5625
0.7
0.475
0.4625
0.35
0.7
0.35
0.4444444444444445
0.25
0.32500000000000007
0.6958333333333333
0.9
0.46875
0.75
-0.15000000000000002
1.0
0.75
-1.0
0.0
0.0
0.75
0.4444444444444445
0.5
0.6958333333333333
0.4444444444444445
0.55
-0.6999999999999998
0.9
0.21666666666666667
0.75
0.6958333333333333
0.3666666666666667
0.8
0.0
0.75
-0.75
0.4
0.0
0.75
0.475
0.75
0.75
-0.75
0.10000000000000002
-0.75
0.5
0.5
0.6
-0.75
0.6958333333333333
0.4
-0.12000000000000002
0.4444444444444445
0.75
0.75
-0.22499999999999998
0.6958333333333333
